$ANSIBLE_VAULT;1.1;AES256
38626336323364306130616239616137303966636636306231303761393133393737623864663165
6238306636303931313736306531623234343932656632630a393635366535353435323533653363
31353034623565396538623731333562373936353236333162633163313764343865623462666138
3439306465656466620a656265613539383132393634356537393366323138313864333561636532
36613235363733313037323631313161663836626634333232613934383865303439313966653139
31663539616534386134653264333362626636313031383939653338303635373262326438626235
62336630656135646134363766613765643966323633646433323866653132346337666638663166
66353032303463323761366130643962336537633362393765366536633839666633336334343333
36636363386135373566643662363330623739663734373766626564613165653764623239363065
62656535353133313631653961656665616666323134616232343363613135393561323430303938
33333166383234356131653736653333353039323863313030626563393965656663306636656631
39653136366138623533333663343630653632613463396236343561393530383461313961343639
38303433636366303632623864396439356162303262313532346366316635656435333562306434
31316631383063323764306634613465393264643561363933313433313661373564653264323531
38613537346565333964353261333931646166303339343339613636323032323436353639643363
33626138616364313338663832396234303564366330353832346536656139346131613065383337
63303237616365393965333830666636396261623163396133666166646433646639643930353235
34643538623231323664396236663261313365323962353234666338323035313339616333376330
37376462633238323932306564353930396131646362333465623331623430626562353166323666
35316335306638393436323034393164353166353738306662323732386666313635646633663532
35336162666537636466613639626262396532353432303935353931386533633164623765653330
39646238373337616565303837373065326135663366646333623965666463646432633432626432
63316165363935633862373762656432343435646662326537316636356562353135363361363561
62376330616334313432323530383062386532653933656136363731653732326533303336323339
34346236643132663931643138336335623238626162653431333237363839656536643264303861
64346330323265623364666532303037623362333634326130656238663566636337666138663337
31633662616134313930636464633134613764363836653661386266353161303235303139653335
66373666333263666564636661363463313264386335333337333939353436303364366165633238
36323762383135623739663262363530646163663433373763363465626266623661636265633236
37613939383830353235326465653863333538333430646334653166303838343863366635323266
33316638383764313465383336643963613233346134663165323332323135313434336565346564
61343864636566653566633131643536653836383335633937303734393431373232643838366665
66623464383336666636313364393437333266303866396664613632346630313361383639333332
63353263633439636131643134373335363638653063633166346331306135633038333532616636
35316434636164383762313132316463303433336664306538313239373563643333333033616332
39383266653965326638376138663631666364336338656361613935316634303730396563633061
31353461376534656633343265316339333936313565383636376434383338326635636335646461
37353231376339383564666331363364643263333066313134613465323064393737363261636131
61663630333239653034346637373135363831376364356363316631636565366265636239376133
66383430313065316263356466656134633637366333643863666535633537356465313936393061
62633065326439346631643031353766396539373239336137373932363333616665353765353362
31643265343238363034316634393466396462623036363732333365336166666463323531323430
31333232653861643537306533633761366135623233333665346234303136646465363666663961
61646165666362343430383362323664316338656339343238396164643830376537333862326561
61643634336363663566373863393062636235376463303732636533343035336237393564386265
61343864633566326461303837653633366364303839623961393463383163346332663533373139
62643064326265633236313735383539613635323562613365613034303231313164396630356434
64313135616233613761656538383936653364356564646366626337323366333166393434373233
36326466393865396337323366636234303336613630316336333762343963316137336332363635
32386539373036306338316162383364656337626332646235393336613333323266633135343635
65616166336439643433643636396562623432363537643563333733326666353638343564356236
64393839336132613461343431346639343664623334373063646166383465376631613936613536
61393366396135393537306134373631656532353632623535653566623938363037373632373431
33306437343632396235346330626139623461373232663361636461376436656439336462376363
36376331326430616364356233646332313139366333373831336138313764303465396532306366
62303236323730343739613931393166646163653566376430623762393135366665376332393137
34363262326438616636663563353736663762366166333631303762326361383337333537653833
65323933623163623466303639656363656139313736303931653030343663666561303133346465
30656565656134353031363032356333396634323336366137643634363365623165646137303335
35306664323436363732323363393437303639373733383130343063396663386538613462386661
37343335303735633634363038633232623263663338653031616630313265646539323533666263
32336430633535643166376661303637303262613537653539303865393634343737343566333131
38633938626634643864376137326536373564326162313130393630393037633964356462373634
36393634643936363963336261626138616531643162356339306331333531613765636366336533
31393962323564623335306636306132346364613464373966356662333561663963306333313464
64646136333161376131383931623532353765323231326138616139383765666435303936343130
32346632656431613532663030376661633463303435356463623862396238326230306462316264
65356136386334343233303934386165376534633766383362646462636636626161636262333631
32326530323739663330616633326164343931636563383166366539373635653733643861666461
64376638393530396632393730393266663338663363343837623434386563386265306638306338
64303731653063633564636662333139376239343462613737326563653235623331653363633030
36323361313261653930363539616436336438376431623962356639643363656237636362333135
31656531613466646135333366613464653032343536316161343166346538633131336561343330
35366234663262396433626662383464383036353564383039616439373137643633373036653961
66316635663136313438613231383833383839363736343732666361653739363365303232636133
65653534373130373263313733383632663938636230343937326335663363396136316462313064
39373134386134316465363037323937363030323237623263306664656439363166393631613463
62336532386463653039303339313430323735303033373132363864623962323765633631656366
33363565663739616365633962333565623237383766636432336264336433313734396633363438
64373134643938333765316634333439653537663331373864353564633533646130656635663866
31346534323434633831306137303564356639623031326562626436643065666163326438313466
37316630306364653666366335383132336334663039663963393037323135343038646634623564
34386439323464656531663566663735653664306536633637316136643530663236616363396562
65333632393639633763363436616435613635653163656563363863653434343966633335633834
37316666393362363631316139333931346663336435646330316638373464316333333133636366
32666139663237356132343731646564626533663538353035343064386665653831313736343839
39363932316566323538353362346561313163633736326466633666393037356462373033623866
36666435626239393464316264656165336363633335363432363764663130396262303432393933
33613662363130373961316266373933633231386464383332363836613139313837646630326563
30373236353538613065373161313030356231646630343230323533363062386666373566346139
65383461303139353062616164303736613732373862633139326463356130343136353730333462
61386436393730396437656261316165323231613866646333343263393863633333303438393466
38393834393034346332353334643330323364613866646265343137653833633964643164376639
65353635363962623266303561646135373239656665353539323932323038333336336465323362
37303331363632336266336235346438663436396562656633643364316531363166613736356565
62356164393037343433653139626166623239663766313939323835303638386665666534333464
39303363336638303034663166386238313535616332313135663963383063333731363965663337
64343731303836633464663732393735383463633764386433666231653465393139376565343537
39663765633438396435356161326261336166343965313063323838356131396466626366323930
36373664393364323838383936653838646538356131633731356564343333323562303834383061
30653261326236636565356638323231363636653437613462363239376230383031653331393133
63373738343261316532613162333937303230623564303331633730623163616333333638633763
63376439616363316263363138626438386365323137353031653263663832376535326631626430
34663664653531636230353231633765663234663437363461386461353034326436336163336233
35376666356132383335663536316230333234336632663865366137396135653864313336346632
36306665316631396361326132626535303635333630343838356532346339653137333535306630
63666564636435363463393637323736356639616231316361643936623433343965653737386431
66346463633538353566646436356434313938323631303732303836353535323735656634396139
38316464646363313563303335383562666530356461656532353961666465666165393635356131
32336163373964643035313938623336373663643832663966636535363462353665626436386630
33376236376661383236343330393835323935393139323863613763666234373336396238306431
64336538333766323636643433653665306631613063653139373137366433643163666531353837
64626430643135656234323836343533653539333562333032613866653136653765653138356234
31373764393535336634633664646436643734393365613032363664353639373033613332653335
39346664656338316231633035316532623433633063626139663139643932666366393965316361
64643266613862316261363465623031653763306634383230623366346638376333353233653137
38393765313061376230663237623162376465643934336539313539613139366661343562636535
36636263376230383664653433336431313266353735343037373032313433613933313962303431
37333064636136666638333863643339663564666531383531643564613934613161663439633031
65333332613763303661393663326566303236343635373163393633653634623136626136626532
61366434616130313864636235343037306133383365303136363061626566346439363833363736
62393033616266353061616566616538356131623433313637363261633561353934643339346332
31343064643766386635383562343365336566373739326565636235613838316265383437313938
30366431653032396234343864346365383165336137653835616530363532646562636461383130
38333136353064663336613737303464663237393939633539616463306130393732303831636565
64663339313532613437383064663236323835663731303738366361626635333331363363363638
33306534356337393362613334373035663134643638313636313065393736626561326332323139
63653361313064346266643563623630616462323235366165366234303662336364626435323066
62643237663630303163313130373137313862613839623063613561643132336637656138333730
65653530353362373763323364666665386631623366616435643664626433626261623233383533
37316461373230666163376635643664653965323332663465636333623365333165306563316638
39393338663135373436313838653238633361353234666462666661386139383835323166306230
33373538656336623433323462646430656236646232343130393234333965643738636665646532
61336164323431373565366133346331323834363131346438666238333963353438316635326135
66303162653732666139633662393632643533663630383035633234643035353531376135616266
39393835376564646632646561353635363266316639343962663561666466333863616333323434
30393966313138613334663830383165643130303530613530653332343536666464303437373363
65306661636264376162326339393362306431626164313635666333316337306630623132343931
34633861623231373038643162613063323935356165623861343632333531646238613738613430
32313465336636336536653864613531373162383032353136656266363139366161363437343464
38396133396266343639613663316137323236623866656530623631393865646234643933366637
30643233303136326137323265333534343032383663393132316163613334356531656434643133
38633431373330613261313933323739613634323734303764643161303138366337366236366165
35313130303530663839653963393433316665303634373233313738633537366263653466353364
62386563336234353436363337376263313135663034366633666136666633396634303333353236
39353039613663323862626232323133336234353936346233613261343462353735323564623961
37646636343336336165386162366361343463656264303133613131653365363937393735343334
39643930376236386230636461316362623666306266376266333065633138363765383330386566
61366235303263363663616532386534363232323330663466663439303032396134343266343739
64653437623137353162663936613135323831663566636438326365653764643832336131663266
62663034333632656366363465323434643038336262313766313162623763346664386538323039
62353835356339316433333836636139326366343537343035643865336438333866313766653337
66373636623662306335656637656463316363356337386531616361366231363739633430663033
66326464626263663133633363306334323661393439363961373239396132653137336337373635
63616238613132363232343365643837303330376233313165613032613338383963323064636132
62383937353931643332623630333566653463353034306666376233633862373562313662326561
38623162333461386430616566383838393035616231616538383366613333393263646362306533
36303764396236343835313735626235343333396338663561646162386539343238393139626131
36653337656332396430356633393433343234313736663133356261373861633061336166353637
65303265633436633336653766323864653266633263323539396231613361353761373738663232
35373164623665386365303235653339663032393535623532373463656531346633323039313231
39373566363363356132366164373463636533333866366335636261646235313339343162343035
39353261643033666163313330616663316364396335323037346261613964386565616332333230
33333931633736646363356336323032336638666233316438626139333063386339636466663339
35323639343230376162333961366534323438623063326463356664666661303963373563366535
61626436323735373139386461306332643938346536326363363838663263353432663437343433
35613339323237386165373738656230386236353064633136383431306238613933313066383038
36376362616463326536663366626438393030326639356630393561363063306664663261343962
61313633623566313239633730376130343731356432633531656534326666616234383739653561
66323236386136656562306337626539333666363132663533356361333635396336303931643265
37616166663866376532303637663365323731646630663465303063643361383361656634383937
65643961316631303933393434303031373838306666343034353033363037663238323835343933
34343565366333333533616239616532666438306565336436356237643431303061613130353465
66323462346466643630623939623838373237336362356463376335303532326636363138326562
30373961353934643439663539333662396130363230316233626434313831656530613838613264
38623733663431636638366131616432353461616632316266353633626330333737323962653362
36633165363236386437366230346630626433643765363965353165343564653630373637383463
61333031306165663036626663356437313831626233343838626133313731613663333035353533
37653833316531633435333637343335353733333238313833626338646338373335653562623862
33306562333265613361393239363838666238326539633339313565363536643230393234393637
34386330323933333930626338383563646464313238376563623936636461303861646461376631
32383430353835386364366264633339353362616336613432393339663164656361393566323639
35333932306166646333626235333863373634643735303337653737623638303766663066393164
31396339616139313631303563366438396434346134303636346664393332343363383833386438
63373939373061373263366131303261656537656432353061623737633439666337646261373136
63366133326261373366666337306263633431383630313762393561643536363637313164353432
37313561636561303232643337366361306536363937633361396230316465363136373233616132
33306465363730356666666163383161386164633966363030636538373234363136363632663366
33643264666566363564343438653536646564613332313038343236343030613733613561326266
35343335396230356530333436373264613833663030323236356463396630653264313061353438
62616436653031616564323133333834633663313962616266373463313239303434616234366137
66323435663265306566613161623231623931343830366432626438323931393035313439366239
64366132393665376631633165626161356666393731663236323937373536383533653263343934
64336131663831333932333132316265316430313363626664373234663561653837663565373537
34336138633032393336613335306238616338306137663732626139613636383335343736643638
62623439386462336539303063316664393932633564306132616162306661396265323835316130
61623632653130346539303536376535313032653731303761666462633131623332346164353862
65303032613761326438393631396432333932383433383463323637633930646536333631633965
63366131313035626632326631303235653135323833393864343532643737323538303239333663
34636339623639636663353436323331376639633466373838653337323535306363316339663637
30396263356239323338376465656430663239653266326134383839353364653764313331623039
32303034333434393834396435386265356433383733363633323165323561303038653662323735
63336134633031333734383932333239396532666638336330343266346565646464643663663737
65633362326231373562323232323733373461396362383462303232383932396437363730663165
33653331323730613032636332633866636235386366363938303438366662383864343762653665
65633339393230643430393733366366393436333233363639633035353935303333396661323133
66616437393666373362353135316534383037356633366134633265366363363763376138306265
33616466393736313134646565336166613030613337343233393766376130313661363063646533
34393139316666303932656163323661303532376636343432396461333933333131313766306333
36393064653035613662333932323630313938343431353763643536653338663065623435663331
66376465386237646432663164336134326136643662333238326535366361653238333862633839
33396431643834643535363361376361333131663164303933616537376136653766393038353636
34353339313338303533396138396531336562656437613532653364626133623262623463633338
39303937383664633739666463643036356566383539393439663531323636383233666539663063
62373634646232366639363461396436646135316136393366626238323439366237376137646639
39383335353134666464383735646661353239643439663064623864393430346332653765613938
36656634353664666130643434376438666266346635353565393465636564363839316434343933
32376564383461636338356362663036373962346663376364356261396566323836373838663964
33383235623862363063643961343533316436386663636266363539336663323262666365346138
35383739353333623638303461633930346638346333653538636661356366383562643965333038
34373432346434366230323366626261373264653539613133373633346561626264326139336464
61623830633635343939663434333139306330393430356338623664346631393133643962333031
62653664303031646166613265633239363433633061316464663033303330623966626364646338
36636630383330303338343963666232666430336330633535373131656466366332393364303462
31356661313434383963666137623165383133333664373735313330373739376133636532633232
31386363353034663832336162623463373361616432306333663765633062313763333539316533
31353037376431643330633866643463616264303833383733306230666364663064366138313864
62386334333635376261316664643136636265353965663638363230313432343463376337383930
33316236313034643865313134336337653939323736626134646339363438316364353630343139
61303264343164663866633832646561613430656132653563356161396235353033303865613138
32373535613630643938336638356366636564633830313632336664303431396361366132396438
35646130366564386433653364623263616133373662663733643234373665356138643430333135
36323131643831366434313231303836626163666433646338343165656637616635313839396461
34663936323430303636393738383835393466323939376131643535383063626430616666376437
38323033313433663064663862396538626630333933623039336231663961383431356262306163
63396530656335663639616261653135353733353835616663326535653737383733333237303831
66386565303635663439396162643536323937623436303064306133353566366331653534386162
30313535613161386161366233363635653933326237663435343165666337613533646632643531
62366435663133666564663539636461303137643666656633653964643966313636663864363238
37353262353362626531656264356433633633633731623063383465383066393832316261326436
62623431643535303034346538666663383933373933616634363633343536633537353861336136
64353839366132356235626635323365316437633031336166653836316135336231303533353137
62313565303835336366376131623836343064366230653061323235373266633563353766373333
37663432373232646639646261623463373730333165306165336463306638333133393336373837
37313465373035336536323765626462643830366339653166653435383332313832623765646231
63633233383266366437626339363733633761663035363432363365353034666638393865663231
33376237333861306437303037396237303232646563393132613730633361323437313965383531
34316136336339626262396339396233393165633837636161343030636138333638303234343666
64656431366534616562383764386263383238306563346333393462336539353365313061363664
34383434386665363234353066616636623339633030396237613464316533366363336233313035
64323739303239663736383237313136383739353530383032623039383463616266393230313930
35383761383438363536303665316537313362633133623233613433623433363063346336336261
63393966633632323937303334336531363032623231303666653261303637626362316136333565
32353034616462626566343031303837636537336239646632343834653032666163323435313461
39633331343936373461386263393834313034333963653733333939333938303334326466633566
66346435326364376239323935356138626239353164636232666238623536653436343063633538
66656264343162653662373839666233313139643635333736323030333830333330386139343863
32346565616365393439303436356431393632356539326161373130646137393663386161643362
30623063623432313161633337363037356665383236346136613133383962666638303336643962
63396233653562666332343730353666623539643663393162383230666664613662626434663337
31326338323761666231386564653031353363366235373162313364336564636439356638323336
30383032623566393266656131383937333632626663626337643366343561333036373837653433
32353066623730363434363031656231626635663431653337323264333634323664396461303262
63363466393162313365346633626639356262636239383364396561396230656530353964653563
31366163623964633837346363396130663633323434633839656638366438333938613235383864
34636561653032663564303530373532633735353832643133303263623230653661393261396230
66396637383539306631346639666663303732643431626563363335633036656265313135663931
36316237323330613033373639353831366135323630313139623566353064303964343837346230
31353061343062333735636531383166626531633537623263323834393634613564333831333030
65623431616466653135346262613133663530666632373161393063383763636133376466393465
61663732636261633033663163313665333665316537346532663532366238626633336536663238
35363164353235363330613865653236393330636331343335356162646535666538393738356531
39666164393431306463343930343433653432393564633662616434396539636439613362396332
34373465626433383163383662346235353964663131376438643539373134666163386565663939
32313062643231353532393034663361356663383031333930376138303637643761376232303136
66363032663638613930323338653837353565303833366462303734303033333834323262663965
34663137643237306566363034613336636365633766613635623861653833343336306635343236
32363036326239363937386133326263356639376562316562383561383061346437343832306566
36636238613539666338333235343532323430646264396433363863336166313934616334303437
61363762613232633832653062653632316538343137336361626363343366336230616330343663
34646431623031386365376434633931346166376630333836343931633130313438626232656232
32353531343264663362636339323238646166303963383835613639363231656433666239323737
32386266623166633533313062386434343938626335383439666539393938393665613331386138
32383337653031633437313034303362633934646338333566613338376262363330336432373762
64663630373738343930613065613765656436333033343434313432666237393163653664326562
31383261376338396165663438383164343037363665376364323137383630323535383436643437
62663132336166666439623663373665376531666662363237336438333762616464373834353131
38633162303866616432393839356234356264313331313831623733306138336666313663393335
36343963383533326338363834303439636238363430643233393536656337613939393032353364
64343865646235303032306266613035303164623565396337353261346336356237393563326336
38633634653334623362306663383638333731393334323639303832343138363732346432376664
37303261366365623134353336303239323736336532303937363538383366306665383137626364
64653731653937336231613562333633616433376231623534366663306635376532613366626261
37313464323933346464353163663035646332353830346233663437356337653739393031653165
64333565363135613664633066336132343661303532373130393936643063316163636439653666
36343438613861656564656334383331633231656331343439393935313934396162313338633466
37613732616162353364626538666432366437353633356432343065646430386164333333326530
64336565333064353164626637643064396632303337396434303064343630656533326435383439
34633439333664633164336235393833343030613064306364363436396664303865333033393935
65346636646636356563306237363132373263343865373530633731653165313331623731386335
62376665613838636131346133643666633665316136306364353435623061656361336434336534
36326663663137306336323563303463343365633164666535353265653865393166366435373063
66383839373065373366366161353761376162383266373634346461383434323437313466653732
39626333383136303162626565666461663733356366316132316437303965336464663962623836
32336530663033643535613431616633636434373764333231353934363731393330386233396366
30613962323639663439346634316564393236656233383861633434656532633135666561363832
37393864636238623632613430303565643865303736623265626534366265303561623166383264
35643034616239313933323932356131326432663031383835623831643836356265613664636333
31336362353065643235623664303934616131323434386361393632663632356463653834373262
38636231373434333036666132626630313462353635656463656661646564376664386364383165
65613864313039623334323930303863636538353934386431323732333065333532636238393932
65616661323164373131623233383163306365393830633734383961316563626633653030356534
61393630386337343934383862363264633532363763623231353537663135343130316630323766
63313438323330376337363637373030356137373930363361326130383833633362383765633161
64396264323938376131393733376434366233646365356132623061346363613235636263386139
32663230656166326133623261626664656564616663353536643561353964396332306461343138
32643765653835333330373530613265653431663762343065313838623165663562353164303133
32616631623661316538336338323064656364623861653233373037626130303966623861326630
61306562353265326139653333313033636561333630336562643234623232613638366561353361
36343939393738633238646338363932376565396335653735333165343661663165306337626134
38356562653361323738636231366362393736313332376332343431323665636230353836613734
65636238313435653661666561306230323538316466376161323166666432383330656532656335
39376134346365336433313462383638353532356365343461343761613731386632643165373261
38396137396431663733373231396138313763393034396232633832643637636263373862353437
36376139363038343338366630393366386462643763343137383233316664376162343336633934
66653261666665313237333934613665336634656431646563333831356263623966316139356335
30376263376130623566646232633830653666376335376134626233373739323933636235313333
38336232356163383366336561313662333662633430383330646632633536633832363131613333
36626435653062366630336363653662353165313862323861653564366530356436366466386466
64306366633236646538633037316437633536626430643731363464663737653838343235623737
35626265363937313833663435306465646165396563663133623961653539396461383433353037
62353330656434653336623765306235396231373534633165316432303530333634303635383134
66643139633632313661323036393061646337623930623637653564356238616231643663643833
62356637623738643631633461643130333831663162303335646665333066336634336166643965
63356432393062363539313630343731616331623733323034376339363261326466353966313130
66316433653265363965346535393337353966613766373431316139383037313366393037393562
35376630653865653861373933373865353736316665656163313337323664366135346430363433
39373739366263353032646465633833636136356463366132636365313338323131623261346665
32303362663363666164353339373534616436306531396362643734316434353037333732373438
31663039303261376564643238666630303964336532316436633832313830343733393737343531
64643135323363663836363766656236326431376239386461376163383531643538653235323665
34643238643865633533633132386234303666383135303464373234343136643731626537633161
63353832316562393863353866656135313063646634636236366433653737663564333930356264
35363166303939653063396131333862366635656366306632396531623065356435376338346561
32373139366131613664316433373861653163336334366235333331383166373033656365623966
63653436316137333964613066316530333866613630356337373163326662633864396339393666
62346533633238636130313539356263623263346664363134333264326537386235303639383861
37316134396665346362373963623735383039663866316663626233643134333561363561613062
63656237663836623132666462346634313837353930313361396435643938653235323136643931
34346566386466386630346436323565353361333636396430633264633430653165396534326335
31653132373862643033643963376231623438363632373962626465616235336439303664393665
34396464663731636436363062313762373763326330333931613461363731346530356565663861
61343430663764333866376637393034653531643932666432353862656463333564356133386534
37363639656636386639346234353163333663353736356436306363363433353062653639316633
31643439643032373739326563656539356262323830303031613765323331386535633936323839
66633832323437353965363333343066623566666366376432363864333566383237356363343434
39653963626531613562313766623264313936376261303865373464386164623562353539363065
32303138353432613935393438366663303036383365616634633936313835303032373934373735
35313038613039356663366337326266353065386164363262623962333131396636333165313235
31333166353362386237343833303562396264653964393464646365323265616133643262313362
64353136643937633065656335633733663364326633333935633863376631643563333036363633
32626331353463316531303739643831373562333465643461663334383966663564343231653465
64633331343362323364663831323636636433353230663532313530383566613833333130656337
39666463333536376331633235346637646335643239653035646533653863353065396635356363
32323362393665626132656562323436626639383362363065306639373832636535333335313233
39663533616665663662363861623564333466323562313462353339323237313036316632336262
36326135326332313837356535663732326339306662316162333565383532366437633961623131
66636633383630626436656366663833613462633635343436353962326563383963623331343866
65373535353235343939343935356633363062663531363637336634316165636562313664393530
34666232353439356231633636393236303138313134623334356236393937613563653836306538
31363832353064373337613833303035656361343235663839333930616438333938393838343638
63306230663836656336353335396432383765343863396363313538636666633365646237613239
38373638373933303535646139633030373131643030623137346535356166373839616237363939
36643934366165343664333765643739653666353463653634373039346238336139363237323237
31376634623232616361666430616433643431356633386163333738323566323935303865306361
62363862333862343334363739353736663231386231306665343438313834376230303233316235
30626361656231333739626632663433373366323936613964613065633036366263323062633036
37353363356437633563353234616561396237383161633735623336316362336138383465363839
32363261366137393534393265373433343364333932373231313435633133343333363234383231
33313636346363656465366337326461323461333935626436316137646439343236373861383732
39323930643434613539343465366562323936303238636437316330306630653830633038313735
62653238356461373034313036633565646334396539386564393532366632323464393836376137
33303137626464316333636239643337393834356264643236613665373931633263343966653639
37353661303738363361316637353933623066643762633234383335616330383561313131323030
63366165383631643735393635383933613564383337323965373461373039373433376438613336
64306336376233353666653330366266623136666134666164623737386139303937623335346437
66316130613563623661353162353735383736363436633865313364303430636435383633666362
32623935373863303631353763616130303163633166613132666265393930636235386437363338
34623733633437326132363266636236616436386464643232633665656465323437353336326365
37356632326662333930393839613663316639623238643865623363626239663938613262623231
61303837616333373063346463323433646561373935336661383739303633333366376264313861
39306233623164653065313463303566333037636635363165323761313166656439333230313837
32383235353630663839383932353235623261633366613862323233353261396234326532373736
35363461373637336334626335343538366530346264373765313033363366323138626263333366
34353339313862613565623461303164646434323932383130653237333265626238326665376137
36623965303430383666343432366130306661656162643031326661616138653338313634386466
64626166376538663736393639323932633330626438633061326565323630633539616565646239
33643331633430386438373364383762393633653031326633666566643734643030323532383431
32313139333233316431393263666661613230306638353366326264326263663065653466303436
34623264643735323935643936343532346365646634393337383962366261643461633838343463
61313836643432613633653561303536616663373539313965303133666236303537343763666266
36653361333735386662393039376430353734303066383836313139626162306661333533363036
62336566633662326432343338353339656532636362666366373861336364393662626334343932
66613764613861616538366535646230376532383731363235386536633866623162323631323733
38353238613862653930306661373466333131666331346565356437646333633662376136363534
63306338363632343266363365613665336338383634336163363363643964303038353837626431
36393161383939613533643163653736653137343666336639303232303939623531626264623662
61626637643435613339373565316532633331376464396262313432383765326636336432353365
62666236633735306265346632373864303531363930396665643263366439653466363961616165
34613537613238386334663032343735346664326236383335613436656639333634363261346638
31393264326239306665626330663537323432383039623261393663636334323366346332646263
36386138303862373932333033326138313764666439663230313761653236613333656364346135
30323833666634623435666237353565346230623332323331393037336533346664313661613633
38353135383363393036343364323133666431663866646565396235313861653064616637383562
35633965366334663734613461653132363238306337666466653433343436373961393035396631
36656362323762333466313661663032313238613930393563633937306338336338316234333663
62356238663766376137646537323938633266393530353164613462373931666537623937346563
32333663336666333763366236323930643430303563653938643133383035666432376332613831
34653238613538616566633931393363656562363339303036356235396431393238373962336530
31663337613763626234623836306130643430666634366334396361376465343731633161313761
32363665303236323839643336393437613135646236666266323237343239303161393032306234
35663835373131313037303137623832393639306130383931623832343432633230323638396463
38636238623731313365393930306533386264376437636332333630623132366631333661323064
39383765613935376333333363636339303365386639376663313161353066303330366130383831
62646664636632633664396266643335636661376433393236343637383135633338346162333039
61383933363033313562666133373339626463656234626561336538333333643131643363313931
66626361383332623464373339356638366232363662616631336531373262306237356366353233
38393335636233393239353938323165373236656263633530353432303537643364336239313432
62373535643166653932383535363033653764323239633566313030623563373764346130616337
33616539366437323336343736326431346131393433656431323231306335316139356138396530
33356463353336653637346332393138623934653861326130316537633664313439393764373538
62363230373566343063353336346331646332353661653836353831663661393237666562323637
31626435326538633133313537353039626238613233343139303231346131303930666665613234
63393039623039626362363735663431316130383736366232336330323538393965323063306338
38356263643261326263656661363839396564353933393432313137323138326636326530616135
63333165626265306561303036623635646235343065346131616164343766306461306131383266
65393138376638343462363165663366663235646461633836343039663932376562336533666361
39623431643537623561653864643631376164653861333238396333346263353663326362386533
61623263363532623362636538356332363964306530323831643766653634343030613666643737
35316131633265383030303065346234373630663362323336396362633763386533663330343234
34313563646635663638623230323631363836363037626438663732663339363636
